FOUND_INITIAL_LR=0.0001042172915606984
FOUND_MAX_LR=7.444092254335601e-05
